
[0.38848352 0.36960602 0.3555553  0.34523487 0.34637094 0.3476336
 0.34713459 0.34943724 0.35194063 0.34826994 0.35226154 0.34299421
 0.3432467  0.34323549 0.34435463 0.35314751 0.37603688 0.35466385
 0.35828328 0.40254688 0.39218903 0.36953497 0.37055254 0.38504434
 0.36543393 0.34919882 0.34335876 0.37975502 0.38596082 0.36583495
 0.36405754 0.3536756  0.36470675 0.36634278 0.35386539 0.35600138
 0.35348463 0.35473776 0.35530114 0.35451078 0.35266447 0.35128498
 0.34093118 0.34283519 0.35704541 0.35820174 0.3659699  0.36989164
 0.34854245 0.35105729 0.35997391 0.37965727 0.35117102 0.34220076
 0.34648061 0.40033865 0.38548422 0.36950541 0.35448742 0.35799575
 0.36229181 0.35741019 0.37256742 0.37633157 0.37204957 0.36087537
 0.3629446  0.35549521 0.355165   0.35505271 0.36218143 0.35781598
 0.3607676  0.35501122 0.35515213 0.35468864 0.35475302 0.36499453
 0.3611269  0.37494469 0.36873174 0.38275361 0.40045929 0.36778235
 0.39791012 0.37388945 0.36462188 0.35842061 0.35817695 0.35555053
 0.37132096 0.34947371 0.36582494 0.36104536 0.37708974 0.42756844
 0.41922617 0.41452384 0.37453985 0.36703563]
0.3637726855278015

[1.67407322 1.51207662 1.45306516 1.43389869 1.42732573 1.43069983
 3.82780218 1.43044281 2.62430286 1.44293523 1.42972827 2.61875391
 1.45246077 1.45836401 1.4432714  2.63837171 3.79247761 2.65388656
 2.62209773 1.41698456 1.4410727  1.44648814 1.43505335 2.64531446
 1.43742657 1.44223666 1.43644047 3.85402799 1.44634557 1.42285061
 2.62136507 3.83798885 2.61558342 1.43993759 2.64348459 1.43551707
 1.46974397 1.47568989 1.4414947  1.44555116 1.43129587 1.43212342
 3.85448813 1.42984056 1.43801117 1.44427466 1.44895315 2.640095
 1.44209075 1.43397045 1.43957615 1.44064522 1.42882562 1.43844438
 2.66243052 2.62606597 1.46831369 1.44248295 1.43836951 1.45070958
 1.44309354 2.63283992 1.4483552  2.62633944 1.43199444 2.64676619
 1.43605804 1.42999268 1.42991495 1.42923617 1.42914248 2.67215014
 1.44225907 1.43726254 1.43648267 1.45734191 1.4325285  3.83436608
 1.43402171 1.44146228 1.43372488 1.43860197 2.63739657 1.43359613
 2.61940503 1.43166494 2.64473987 2.65151715 2.64952302 1.4515667
 2.57663178 1.43840504 2.65138435 1.46616554 1.43539929 2.63313675
 1.44471121 1.43898797 1.4420948  1.43505216]
1.8737295150756836 -> with loading of parameters

[2.73429441 2.61881495 2.54065752 1.41753364 1.4858408  1.43616962
 1.45505619 3.70719886 1.4207983  1.4369669  2.53417039 2.55974531
 1.42864585 2.5517323  2.61313939 1.44443417 1.43353224 2.55043864
 1.41865587 1.44035101 1.45492554 1.42191696 2.55663633 1.41767287
 1.42091751 1.42951059 2.54499793 2.54568887 1.4350965  1.41327047
 2.54844999 1.42110133 2.5185709  2.54347825 2.54887938 1.41602397
 1.43396211 1.40786481 2.53030181 3.68779659 2.54085374 1.41593242
 1.42103648 2.53991151 1.41120267 2.53435707 1.4077096  1.40868068
 2.54624748 1.41667223 1.41342902 2.55242348 1.42236161 1.41259623
 1.42174482 2.53082752 1.41073632 1.4074235  1.42824888 1.42825103
 1.41482711 2.55595851 1.43025565 2.54453039 2.53657532 1.435848
 3.66368151 3.72356248 1.4187386  2.54763174 1.4304502  2.52601147
 1.42728496 2.55237913 1.40818715 2.57069159 1.41414714 1.41497993
 1.44206738 2.56587338 1.4124732  2.5486412  1.40532064 1.40982604
 1.417171   1.41596007 1.40957165 1.41644263 2.53678513 1.41811204
 1.41547394 1.46192265 1.41870427 1.44095278 2.53462219 2.59813595
 1.41418266 1.42261267 2.55278611 2.54564595]
1.9221490979194642


1048576
[0.0, 0.0, 0.0, 100000000.0, 100000000.0, 100000000.0, 100000000.0, 100000000.0, 100000000.0, 100000000.0]
sec1: Rq: poly1d([-1]) (mod 100000000003), reminder range: (-50000000002, 50000000001]
sec2: Rq: poly1d([0]) (mod 100000000003), reminder range: (-50000000002, 50000000001]
sec3: Rq: poly1d([2]) (mod 100000000003), reminder range: (-50000000002, 50000000001]
Rq: poly1d([-35806734160,    344277867,   2692112999, ...,  17218815342,
        14746432187,   3754859943]) (mod 100000000003), reminder range: (-50000000002, 50000000001]
Rq: poly1d([-400000002,          0, -200000001, ..., -200000001,  400000002,
       -400000002]) (mod 100000000003), reminder range: (-50000000002, 50000000001]
Rq: poly1d([-36206734162,    344277867,   2492112998, ...,  17018815341,
        15146432189,   3354859941]) (mod 100000000003), reminder range: (-50000000002, 50000000001]
csum0: Rq: poly1d([-35392458869,  43837556490,   -386840676, ..., -22357682731,
        37819605917,  11454976133]) (mod 100000000003), reminder range: (-50000000002, 50000000001]
csum1: Rq: poly1d([ 35406734158, -45426936648,    800000004, ...,  18966329196,
       -36406734163, -15840404959]) (mod 100000000003), reminder range: (-50000000002, 50000000001]
plain1: Rq: poly1d([2712076, 3637532, 6364814, ...,  912960, 3560875, 1443673]) (mod 200000001), reminder range: (-100000001, 100000000]
d1: Rq: poly1d([-6733981, 26936420,        0, ..., 33670899,  6733980, 40404881]) (mod 200000001), reminder range: (-100000001, 100000000]

plain2: Rq: poly1d([8136340, 6084889, 5118492, ..., 2642888, 4304247, 9457236]) (mod 200000001), reminder range: (-100000001, 100000000]
d2: Rq: poly1d([-1,  1,  0, ..., -1,  0,  0]) (mod 200000001), reminder range: (-100000001, 100000000]

plain3: Rq: poly1d([3426873,  897429, 1676020, ..., 5090634, 5006625, 3670287]) (mod 200000001), reminder range: (-100000001, 100000000]
d3: Rq: poly1d([ 13468457, -53873340,        -1, ..., -67341797, -13468459,
       -80809761]) (mod 200000001), reminder range: (-100000001, 100000000]

plain + plain: Rq: poly1d([14275289, 10619850, 13159326, ...,  8646482, 12871747, 14571196]) (mod 200000001), reminder range: (-100000001, 100000000]
decrypt: Rq: poly1d([14275783, 10619352, 13159325, ...,  8646482, 12871249, 14571196]) (mod 200000001), reminder range: (-100000001, 100000000]
Rq: poly1d([  807327, 64492691, 13159326, ..., 75988280, 26339708, 95380957]) (mod 200000001), reminder range: (-100000001, 100000000]
Rq: poly1d([ 7541307, 37556272, 13159326, ..., 42317380, 19605728, 54976076]) (mod 200000001), reminder range: (-100000001, 100000000]
(xmk) mlonfils@PC-SE23-367:~/Documents/Doctorat/fork/rlwe-xmkckks$ code .


